56
15
62
31
8
15
8
31
31
56
31
8
56
31
56
56
8
31
56
8
56
64
56
56
62
24
15
56
49
56
24
8
56
56
56
77
15
15
62
8
56
23
15
15
8
24
15
77
49
61
49
15
15
15
64
15
15
8
23
24
8
49
15
15
49
8
15
77
49
15
15
49
15
49
61
62
15
51
8
8
64
8
31
23
15
49
64
8
31
15
8
15
8
49
23
64
49
15
31
15
49
62
8
64
49
8
49
77
8
62
15
8
77
23
8
49
77
23
15
8
23
15
23
49
15
15
8
23
15
24
23
8
8
49
23
15
24
24
49
8
64
15
8
77
64
49
77
23
56
15
64
15
15
23
24
49
31
77
64
8
24
15
49
8
15
62
15
49
5
63
5
17
17
17
63
63
63
26
5
5
63
5
26
26
2
71
26
63
17
63
17
26
26
63
24
63
26
17
17
63
17
26
5
63
5
71
5
17
2
26
71
26
5
63
63
26
63
30
61
26
55
2
71
63
26
26
2
5
71
61
2
26
63
17
2
26
71
71
2
63
61
5
61
71
55
5
55
61
17
26
2
26
26
26
26
17
2
5
26
26
63
5
26
17
2
5
26
2
17
71
26
26
2
5
63
2
17
61
17
61
2
26
26
26
5
63
26
17
17
17
17
55
2
2
5
17
26
17
2
26
17
17
17
71
63
17
5
17
71
55
61
5
26
26
17
2
5
63
17
17
55
26
5
26
17
71
26
17
26
63
17
71
63
63
61
71
5
73
41
73
75
75
7
7
73
7
73
75
41
41
41
41
7
73
75
33
67
7
41
41
11
41
67
73
43
51
41
73
11
7
0
11
67
7
41
33
75
73
11
73
7
11
7
7
51
33
73
67
51
33
67
33
34
11
18
73
73
11
67
41
73
73
11
43
67
73
18
41
11
75
7
11
11
73
0
7
41
23
43
75
11
33
73
11
51
0
51
0
41
51
11
18
34
67
0
11
11
41
73
11
43
18
51
73
67
51
11
67
41
41
41
7
75
73
67
75
0
43
43
7
43
7
18
51
7
73
11
18
33
41
51
43
7
41
41
18
21
7
11
73
73
51
75
41
11
21
67
21
41
75
18
18
18
73
43
73
18
33
11
18
18
18
11
11
41
41
11
41
7
73
11
18
43
41
41
43
11
11
43
43
18
11
51
11
43
0
75
73
73
67
41
33
18
0
11
43
41
42
42
27
42
42
67
48
20
60
42
60
18
48
42
18
20
60
20
60
18
27
48
62
1
42
20
42
1
27
62
42
42
25
42
76
18
67
52
27
67
42
18
18
67
27
40
20
27
1
76
20
40
18
67
42
67
67
52
18
27
62
27
48
48
62
67
18
67
67
67
40
18
42
27
1
27
76
20
67
40
20
48
76
42
67
76
48
27
1
76
27
18
60
1
48
67
67
1
42
48
27
18
62
27
67
42
1
67
23
67
40
40
27
27
62
27
60
27
40
20
42
27
60
20
27
1
48
20
40
40
23
42
18
67
40
76
18
48
62
67
40
40
67
42
48
20
18
1
67
76
1
40
18
60
48
76
20
60
48
27
67
67
27
42
40
27
42
18
67
67
67
48
67
48
48
40
67
1
76
20
60
1
42
48
50
66
29
50
0
0
24
10
10
0
0
22
78
66
78
66
0
10
78
33
13
78
29
66
78
10
78
21
0
78
29
33
66
66
21
66
78
21
21
66
33
53
33
24
24
10
0
10
50
11
66
21
78
29
13
24
0
22
21
78
33
21
51
0
11
33
29
21
51
24
10
53
77
21
13
66
51
21
33
50
21
24
13
0
78
21
33
29
0
0
51
21
53
78
21
24
21
78
21
29
29
0
53
33
33
50
78
78
53
53
50
24
66
21
26
0
0
0
21
24
77
78
77
21
53
10
10
53
22
0
0
78
21
21
33
50
10
0
78
78
10
22
0
21
0
21
22
78
53
0
21
0
66
78
13
78
53
78
53
21
33
66
78
21
10
51
66
78
21
21
21
21
33
0
21
21
21
11
21
66
21
21
53
11
21
29
21
21
10
53
0
13
53
77
24
21
10
50
21
21
78
33
12
59
30
58
30
13
59
39
13
59
12
39
12
59
59
12
13
46
13
58
58
39
58
46
12
39
17
12
58
46
12
58
12
13
58
39
46
58
12
59
17
30
12
30
13
13
46
58
38
12
59
12
12
13
12
39
39
12
13
30
17
30
38
39
39
39
30
30
30
12
13
39
13
58
39
39
59
46
59
39
30
13
39
58
58
58
58
46
30
12
58
58
12
58
39
17
13
30
30
30
17
46
58
58
12
17
39
30
39
12
30
39
58
46
35
6
6
6
6
72
54
32
37
72
34
72
32
54
32
37
32
22
32
7
7
37
68
32
72
54
72
6
35
6
7
32
72
68
22
72
34
72
35
7
54
6
68
54
34
68
22
72
34
22
7
35
35
22
37
54
54
22
6
34
34
68
34
22
54
34
34
68
34
34
6
35
7
32
37
54
35
34
32
35
34
6
54
34
54
74
16
28
16
16
16
16
16
28
59
38
16
28
16
38
36
74
16
38
38
44
16
19
38
16
16
28
16
36
74
16
28
47
38
28
16
16
44
16
74
38
36
50
36
44
16
44
13
44
4
74
19
36
38
9
4
19
4
16
47
28
74
50
16
19
19
28
13
69
45
4
28
69
38
16
16
38
38
38
74
38
28
19
44
38
19
16
74
44
9
74
4
36
69
36
47
74
16
38
74
28
45
44
9
19
50
69
45
19
16
16
9
38
19
69
74
59
44
47
16
4
4
69
44
45
59
74
47
16
69
4
47
9
19
28
4
74
4
74
69
45
4
69
74
44
19
3
3
57
57
27
65
65
27
65
65
14
3
14
18
65
27
37
27
27
37
52
65
52
14
65
73
52
3
70
65
3
27
52
65
14
65
27
18
18
25
70
57
57
27
25
70
14
14
3
37
57
57
57
57
57
14
70
57
25
14
3
57
25
14
52
14
25
52
25
27
27
73
57
70
25
14
70
25
70
65
57
27
18
14
25
27
70
70
70
14
25
18
70
14
52
70
57
14
14
14
57
70
14
52
18
14
70
70
57
70
70
25
27
14
57
14
27
18
70
3
57
27
52
14
18
70
57
14
27
14
14
57
70
14
14
57
25
14
25
14
18
